  
50
14 35 23 11 54 31 19 56 13 26 41 16 29 43 46 55 33 21 12 15 22 25 28 48 18 47 44 39 38 42 50 37 52 59 24 58 53 36 49 57 34 32 30 40 45 51 20 10 17 27 

50
58 65 69 51 76 95 78 79 74 73 72 80 64 98 70 62 61 85 52 81 57 66 55 84 92 83 91 63 53 99 67 82 56 68 94 87 75 89 96 97 86 60 50 54 71 59 77 90 93 88 

50
17 64
51 52
26 61
30 97
33 88
14 76
29 53
43 65
53 77
24 58
28 67
40 82
21 59
48 81
46 85
56 96
59 83
34 62
27 92
49 63
25 80
19 93
47 73
55 71
54 74
16 79
38 86
20 99
12 90
41 87
35 57
13 54
50 95
58 68
23 60
44 94
52 56
31 72
57 75
42 50
11 66
32 69
22 70
37 89
15 91
45 68
18 51
39 55
36 84
10 78
 
